41.291   35.830    10.000
Al 43.878 1.496 4.000
Si 44.665 -0.046 6.658
Si 44.735 2.918 6.658
O 44.564 0.018 5.039
O 44.835 2.839 5.039
O 42.249 1.648 5.039
O 40.996 3.410 7.247
O 44.440 1.439 7.247
O 43.582 3.959 7.090
Al 41.317 5.975 4.000
Si 42.104 4.432 6.658
Si 42.174 7.397 6.658
O 42.003 4.496 5.039
O 42.274 7.318 5.039
O 44.849 6.127 5.039
O 43.596 7.889 7.247
O 41.879 5.918 7.247
O 41.021 8.438 7.090
Al 43.904 7.462 4.000
Si 43.078 0.046 1.342
Si 43.048 6.039 1.342
O 43.179 -0.018 2.961
O 42.948 6.118 2.961
O 45.534 7.310 2.961
O 46.787 5.548 0.753
O 43.342 7.518 0.753
O 44.201 4.999 0.910
Al 41.304 2.983 4.000
Si 45.679 4.525 1.342
Si 45.609 1.560 1.342
O 45.780 4.461 2.961
O 45.509 1.639 2.961
O 42.934 2.831 2.961
O 44.187 1.069 0.753
O 45.904 3.040 0.753
O 46.762 0.520 0.910
Al 7.749 1.496 4.000
Si 8.536 -0.046 6.658
Si 8.605 2.918 6.658
O 8.435 0.018 5.039
O 8.705 2.839 5.039
O 47.410 1.648 5.039
O 46.157 3.410 7.247
O 8.311 1.439 7.247
O 7.452 3.959 7.090
Al 46.479 5.975 4.000
Si 47.266 4.432 6.658
Si 47.335 7.397 6.658
O 47.165 4.496 5.039
O 47.435 7.318 5.039
O 8.719 6.127 5.039
O 7.466 7.889 7.247
O 47.041 5.918 7.247
O 46.182 8.438 7.090
Al 7.775 7.462 4.000
Si 6.949 0.046 1.342
Si 6.918 6.039 1.342
O 7.050 -0.018 2.961
O 48.109 6.118 2.961
O 9.404 7.310 2.961
O 41.625 5.548 0.753
O 7.213 7.518 0.753
O 8.071 4.999 0.910
Al 46.466 2.983 4.000
Si 9.549 4.525 1.342
Si 9.479 1.560 1.342
O 9.650 4.461 2.961
O 9.379 1.639 2.961
O 48.095 2.831 2.961
O 8.057 1.069 0.753
O 9.774 3.040 0.753
O 41.601 0.520 0.910
H 8.178 5.159 4.990
H 40.914 8.278 3.001
H 7.367 3.781 2.854
H 46.846 0.692 5.056
H 44.289 5.170 4.978
H 46.090 8.253 2.780
H 41.685 0.692 5.010
H 43.497 3.783 2.872
Al 12.910 1.496 4.000
Si 13.697 -0.046 6.658
Si 13.767 2.918 6.658
O 13.596 0.018 5.039
O 13.866 2.839 5.039
O 11.281 1.648 5.039
O 10.028 3.410 7.247
O 13.472 1.439 7.247
O 12.614 3.959 7.090
Al 10.349 5.975 4.000
Si 11.136 4.432 6.658
Si 11.206 7.397 6.658
O 11.035 4.496 5.039
O 11.305 7.318 5.039
O 13.881 6.127 5.039
O 12.628 7.889 7.247
O 10.911 5.918 7.247
O 10.052 8.438 7.090
Al 12.936 7.462 4.000
Si 12.110 0.046 1.342
Si 12.079 6.039 1.342
O 12.211 -0.018 2.961
O 11.980 6.118 2.961
O 14.566 7.310 2.961
O 15.818 5.548 0.753
O 12.374 7.518 0.753
O 13.233 4.999 0.910
Al 10.336 2.983 4.000
Si 14.710 4.525 1.342
Si 14.640 1.560 1.342
O 14.811 4.461 2.961
O 14.541 1.639 2.961
O 11.965 2.831 2.961
O 13.218 1.069 0.753
O 14.935 3.040 0.753
O 15.794 0.520 0.910
Al 18.071 1.496 4.000
Si 18.858 -0.046 6.658
Si 18.928 2.918 6.658
O 18.757 0.018 5.039
O 19.028 2.839 5.039
O 16.442 1.648 5.039
O 15.189 3.410 7.247
O 18.633 1.439 7.247
O 17.775 3.959 7.090
Al 15.510 5.975 4.000
Si 16.297 4.432 6.658
Si 16.367 7.397 6.658
O 16.196 4.496 5.039
O 16.467 7.318 5.039
O 19.042 6.127 5.039
O 17.789 7.889 7.247
O 16.072 5.918 7.247
O 15.214 8.438 7.090
Al 18.097 7.462 4.000
Si 17.271 0.046 1.342
Si 17.241 6.039 1.342
O 17.372 -0.018 2.961
O 17.141 6.118 2.961
O 19.727 7.310 2.961
O 10.657 5.548 0.753
O 17.535 7.518 0.753
O 18.394 4.999 0.910
Al 15.497 2.983 4.000
Si 19.872 4.525 1.342
Si 19.802 1.560 1.342
O 19.973 4.461 2.961
O 19.702 1.639 2.961
O 17.127 2.831 2.961
O 18.380 1.069 0.753
O 20.097 3.040 0.753
O 10.632 0.520 0.910
H 18.501 5.159 4.990
H 9.946 8.278 3.001
H 17.690 3.781 2.854
H 15.877 0.692 5.056
H 13.320 5.170 4.978
H 15.122 8.253 2.780
H 10.716 0.692 5.010
H 12.529 3.783 2.872
Al 23.233 1.496 4.000
Si 24.020 -0.046 6.658
Si 24.090 2.918 6.658
O 23.919 0.018 5.039
O 24.189 2.839 5.039
O 21.603 1.648 5.039
O 20.350 3.410 7.247
O 23.795 1.439 7.247
O 22.936 3.959 7.090
Al 20.672 5.975 4.000
Si 21.459 4.432 6.658
Si 21.528 7.397 6.658
O 21.358 4.496 5.039
O 21.628 7.318 5.039
O 24.204 6.127 5.039
O 22.951 7.889 7.247
O 21.234 5.918 7.247
O 20.375 8.438 7.090
Al 23.259 7.462 4.000
Si 22.433 0.046 1.342
Si 22.402 6.039 1.342
O 22.534 -0.018 2.961
O 22.302 6.118 2.961
O 24.888 7.310 2.961
O 26.141 5.548 0.753
O 22.697 7.518 0.753
O 23.555 4.999 0.910
Al 20.659 2.983 4.000
Si 25.033 4.525 1.342
Si 24.963 1.560 1.342
O 25.134 4.461 2.961
O 24.864 1.639 2.961
O 22.288 2.831 2.961
O 23.541 1.069 0.753
O 25.258 3.040 0.753
O 26.117 0.520 0.910
Al 28.394 1.496 4.000
Si 29.181 -0.046 6.658
Si 29.251 2.918 6.658
O 29.080 0.018 5.039
O 29.351 2.839 5.039
O 26.765 1.648 5.039
O 25.512 3.410 7.247
O 28.956 1.439 7.247
O 28.098 3.959 7.090
Al 25.833 5.975 4.000
Si 26.620 4.432 6.658
Si 26.690 7.397 6.658
O 26.519 4.496 5.039
O 26.789 7.318 5.039
O 29.365 6.127 5.039
O 28.112 7.889 7.247
O 26.395 5.918 7.247
O 25.537 8.438 7.090
Al 28.420 7.462 4.000
Si 27.594 0.046 1.342
Si 27.564 6.039 1.342
O 27.695 -0.018 2.961
O 27.464 6.118 2.961
O 30.050 7.310 2.961
O 20.980 5.548 0.753
O 27.858 7.518 0.753
O 28.717 4.999 0.910
Al 25.820 2.983 4.000
Si 30.194 4.525 1.342
Si 30.125 1.560 1.342
O 30.295 4.461 2.961
O 30.025 1.639 2.961
O 27.450 2.831 2.961
O 28.702 1.069 0.753
O 30.419 3.040 0.753
O 20.955 0.520 0.910
H 28.823 5.159 4.990
H 20.269 8.278 3.001
H 28.013 3.781 2.854
H 26.200 0.692 5.056
H 23.643 5.170 4.978
H 25.444 8.253 2.780
H 21.039 0.692 5.010
H 22.851 3.783 2.872
Al 33.556 1.496 4.000
Si 34.343 -0.046 6.658
Si 34.412 2.918 6.658
O 34.242 0.018 5.039
O 34.512 2.839 5.039
O 31.926 1.648 5.039
O 30.673 3.410 7.247
O 34.118 1.439 7.247
O 33.259 3.959 7.090
Al 30.994 5.975 4.000
Si 31.782 4.432 6.658
Si 31.851 7.397 6.658
O 31.680 4.496 5.039
O 31.951 7.318 5.039
O 34.526 6.127 5.039
O 33.273 7.889 7.247
O 31.556 5.918 7.247
O 30.698 8.438 7.090
Al 33.582 7.462 4.000
Si 32.756 0.046 1.342
Si 32.725 6.039 1.342
O 32.857 -0.018 2.961
O 32.625 6.118 2.961
O 35.211 7.310 2.961
O 36.464 5.548 0.753
O 33.020 7.518 0.753
O 33.878 4.999 0.910
Al 30.981 2.983 4.000
Si 35.356 4.525 1.342
Si 35.286 1.560 1.342
O 35.457 4.461 2.961
O 35.186 1.639 2.961
O 32.611 2.831 2.961
O 33.864 1.069 0.753
O 35.581 3.040 0.753
O 36.439 0.520 0.910
Al 38.717 1.496 4.000
Si 39.504 -0.046 6.658
Si 39.574 2.918 6.658
O 39.403 0.018 5.039
O 39.673 2.839 5.039
O 37.088 1.648 5.039
O 35.835 3.410 7.247
O 39.279 1.439 7.247
O 38.421 3.959 7.090
Al 36.156 5.975 4.000
Si 36.943 4.432 6.658
Si 37.013 7.397 6.658
O 36.842 4.496 5.039
O 37.112 7.318 5.039
O 39.688 6.127 5.039
O 38.435 7.889 7.247
O 36.718 5.918 7.247
O 35.859 8.438 7.090
Al 38.743 7.462 4.000
Si 37.917 0.046 1.342
Si 37.886 6.039 1.342
O 38.018 -0.018 2.961
O 37.787 6.118 2.961
O 40.373 7.310 2.961
O 31.303 5.548 0.753
O 38.181 7.518 0.753
O 39.040 4.999 0.910
Al 36.143 2.983 4.000
Si 40.517 4.525 1.342
Si 40.447 1.560 1.342
O 40.618 4.461 2.961
O 40.348 1.639 2.961
O 37.772 2.831 2.961
O 39.025 1.069 0.753
O 40.742 3.040 0.753
O 31.278 0.520 0.910
H 39.146 5.159 4.990
H 30.591 8.278 3.001
H 38.336 3.781 2.854
H 36.523 0.692 5.056
H 33.966 5.170 4.978
H 35.767 8.253 2.780
H 31.362 0.692 5.010
H 33.174 3.783 2.872
Al 43.918 10.453 4.000
Si 44.705 8.911 6.658
Si 44.774 11.876 6.658
O 44.604 8.975 5.039
O 44.874 11.797 5.039
O 42.288 10.605 5.039
O 41.035 12.367 7.247
O 44.479 10.397 7.247
O 43.621 12.916 7.090
Al 41.356 14.932 4.000
Si 42.143 13.390 6.658
Si 42.213 16.355 6.658
O 42.042 13.454 5.039
O 42.313 16.276 5.039
O 44.888 15.084 5.039
O 43.635 16.846 7.247
O 41.918 14.875 7.247
O 41.060 17.395 7.090
Al 43.944 16.419 4.000
Si 43.117 9.004 1.342
Si 43.087 14.997 1.342
O 43.218 8.940 2.961
O 42.987 15.076 2.961
O 45.573 16.267 2.961
O 46.826 14.505 0.753
O 43.382 16.476 0.753
O 44.240 13.956 0.910
Al 41.343 11.940 4.000
Si 45.718 13.483 1.342
Si 45.648 10.518 1.342
O 45.819 13.419 2.961
O 45.548 10.597 2.961
O 42.973 11.788 2.961
O 44.226 10.026 0.753
O 45.943 11.997 0.753
O 46.801 9.477 0.910
Al 7.788 10.453 4.000
Si 8.575 8.911 6.658
Si 8.644 11.876 6.658
O 8.474 8.975 5.039
O 8.744 11.797 5.039
O 47.449 10.605 5.039
O 46.197 12.367 7.247
O 8.350 10.397 7.247
O 7.491 12.916 7.090
Al 46.518 14.932 4.000
Si 47.305 13.390 6.658
Si 47.375 16.355 6.658
O 47.204 13.454 5.039
O 47.474 16.276 5.039
O 8.758 15.084 5.039
O 7.506 16.846 7.247
O 47.080 14.875 7.247
O 46.221 17.395 7.090
Al 7.814 16.419 4.000
Si 6.988 9.004 1.342
Si 6.957 14.997 1.342
O 7.089 8.940 2.961
O 6.857 15.076 2.961
O 9.443 16.267 2.961
O 41.665 14.505 0.753
O 7.252 16.476 0.753
O 8.110 13.956 0.910
Al 46.505 11.940 4.000
Si 9.588 13.483 1.342
Si 9.518 10.518 1.342
O 9.689 13.419 2.961
O 9.418 10.597 2.961
O 6.843 11.788 2.961
O 8.096 10.026 0.753
O 9.813 11.997 0.753
O 41.640 9.477 0.910
H 8.217 14.117 4.990
H 40.953 17.235 3.001
H 7.406 12.739 2.854
H 46.885 9.650 5.056
H 44.328 14.128 4.978
H 46.129 17.211 2.780
H 41.724 9.650 5.010
H 43.536 12.741 2.872
Al 12.949 10.453 4.000
Si 13.736 8.911 6.658
Si 13.806 11.876 6.658
O 13.635 8.975 5.039
O 13.906 11.797 5.039
O 11.320 10.605 5.039
O 10.067 12.367 7.247
O 13.511 10.397 7.247
O 12.653 12.916 7.090
Al 10.388 14.932 4.000
Si 11.175 13.390 6.658
Si 11.245 16.355 6.658
O 11.074 13.454 5.039
O 11.344 16.276 5.039
O 13.920 15.084 5.039
O 12.667 16.846 7.247
O 10.950 14.875 7.247
O 10.091 17.395 7.090
Al 12.975 16.419 4.000
Si 12.149 9.004 1.342
Si 12.118 14.997 1.342
O 12.250 8.940 2.961
O 12.019 15.076 2.961
O 14.605 16.267 2.961
O 15.858 14.505 0.753
O 12.413 16.476 0.753
O 13.272 13.956 0.910
Al 10.375 11.940 4.000
Si 14.749 13.483 1.342
Si 14.680 10.518 1.342
O 14.850 13.419 2.961
O 14.580 10.597 2.961
O 12.004 11.788 2.961
O 13.257 10.026 0.753
O 14.974 11.997 0.753
O 15.833 9.477 0.910
Al 18.111 10.453 4.000
Si 18.898 8.911 6.658
Si 18.967 11.876 6.658
O 18.797 8.975 5.039
O 19.067 11.797 5.039
O 16.481 10.605 5.039
O 15.228 12.367 7.247
O 18.672 10.397 7.247
O 17.814 12.916 7.090
Al 15.549 14.932 4.000
Si 16.336 13.390 6.658
Si 16.406 16.355 6.658
O 16.235 13.454 5.039
O 16.506 16.276 5.039
O 19.081 15.084 5.039
O 17.828 16.846 7.247
O 16.111 14.875 7.247
O 15.253 17.395 7.090
Al 18.137 16.419 4.000
Si 17.310 9.004 1.342
Si 17.280 14.997 1.342
O 17.411 8.940 2.961
O 17.180 15.076 2.961
O 19.766 16.267 2.961
O 10.696 14.505 0.753
O 17.575 16.476 0.753
O 18.433 13.956 0.910
Al 15.536 11.940 4.000
Si 19.911 13.483 1.342
Si 19.841 10.518 1.342
O 20.012 13.419 2.961
O 19.741 10.597 2.961
O 17.166 11.788 2.961
O 18.419 10.026 0.753
O 20.136 11.997 0.753
O 10.671 9.477 0.910
H 18.540 14.117 4.990
H 9.985 17.235 3.001
H 17.729 12.739 2.854
H 15.916 9.650 5.056
H 13.359 14.128 4.978
H 15.161 17.211 2.780
H 10.756 9.650 5.010
H 12.568 12.741 2.872
Al 23.272 10.453 4.000
Si 24.059 8.911 6.658
Si 24.129 11.876 6.658
O 23.958 8.975 5.039
O 24.228 11.797 5.039
O 21.642 10.605 5.039
O 20.390 12.367 7.247
O 23.834 10.397 7.247
O 22.975 12.916 7.090
Al 20.711 14.932 4.000
Si 21.498 13.390 6.658
Si 21.568 16.355 6.658
O 21.397 13.454 5.039
O 21.667 16.276 5.039
O 24.243 15.084 5.039
O 22.990 16.846 7.247
O 21.273 14.875 7.247
O 20.414 17.395 7.090
Al 23.298 16.419 4.000
Si 22.472 9.004 1.342
Si 22.441 14.997 1.342
O 22.573 8.940 2.961
O 22.342 15.076 2.961
O 24.927 16.267 2.961
O 26.180 14.505 0.753
O 22.736 16.476 0.753
O 23.594 13.956 0.910
Al 20.698 11.940 4.000
Si 25.072 13.483 1.342
Si 25.002 10.518 1.342
O 25.173 13.419 2.961
O 24.903 10.597 2.961
O 22.327 11.788 2.961
O 23.580 10.026 0.753
O 25.297 11.997 0.753
O 26.156 9.477 0.910
Al 28.433 10.453 4.000
Si 29.220 8.911 6.658
Si 29.290 11.876 6.658
O 29.119 8.975 5.039
O 29.390 11.797 5.039
O 26.804 10.605 5.039
O 25.551 12.367 7.247
O 28.995 10.397 7.247
O 28.137 12.916 7.090
Al 25.872 14.932 4.000
Si 26.659 13.390 6.658
Si 26.729 16.355 6.658
O 26.558 13.454 5.039
O 26.829 16.276 5.039
O 29.404 15.084 5.039
O 28.151 16.846 7.247
O 26.434 14.875 7.247
O 25.576 17.395 7.090
Al 28.459 16.419 4.000
Si 27.633 9.004 1.342
Si 27.603 14.997 1.342
O 27.734 8.940 2.961
O 27.503 15.076 2.961
O 30.089 16.267 2.961
O 21.019 14.505 0.753
O 27.897 16.476 0.753
O 28.756 13.956 0.910
Al 25.859 11.940 4.000
Si 30.233 13.483 1.342
Si 30.164 10.518 1.342
O 30.334 13.419 2.961
O 30.064 10.597 2.961
O 27.489 11.788 2.961
O 28.742 10.026 0.753
O 30.459 11.997 0.753
O 20.994 9.477 0.910
H 28.863 14.117 4.990
H 20.308 17.235 3.001
H 28.052 12.739 2.854
H 26.239 9.650 5.056
H 23.682 14.128 4.978
H 25.483 17.211 2.780
H 21.078 9.650 5.010
H 22.891 12.741 2.872
Al 33.595 10.453 4.000
Si 34.382 8.911 6.658
Si 34.451 11.876 6.658
O 34.281 8.975 5.039
O 34.551 11.797 5.039
O 31.965 10.605 5.039
O 30.712 12.367 7.247
O 34.157 10.397 7.247
O 33.298 12.916 7.090
Al 31.034 14.932 4.000
Si 31.821 13.390 6.658
Si 31.890 16.355 6.658
O 31.720 13.454 5.039
O 31.990 16.276 5.039
O 34.565 15.084 5.039
O 33.313 16.846 7.247
O 31.596 14.875 7.247
O 30.737 17.395 7.090
Al 33.621 16.419 4.000
Si 32.795 9.004 1.342
Si 32.764 14.997 1.342
O 32.896 8.940 2.961
O 32.664 15.076 2.961
O 35.250 16.267 2.961
O 36.503 14.505 0.753
O 33.059 16.476 0.753
O 33.917 13.956 0.910
Al 31.021 11.940 4.000
Si 35.395 13.483 1.342
Si 35.325 10.518 1.342
O 35.496 13.419 2.961
O 35.225 10.597 2.961
O 32.650 11.788 2.961
O 33.903 10.026 0.753
O 35.620 11.997 0.753
O 36.478 9.477 0.910
Al 38.756 10.453 4.000
Si 39.543 8.911 6.658
Si 39.613 11.876 6.658
O 39.442 8.975 5.039
O 39.713 11.797 5.039
O 37.127 10.605 5.039
O 35.874 12.367 7.247
O 39.318 10.397 7.247
O 38.460 12.916 7.090
Al 36.195 14.932 4.000
Si 36.982 13.390 6.658
Si 37.052 16.355 6.658
O 36.881 13.454 5.039
O 37.151 16.276 5.039
O 39.727 15.084 5.039
O 38.474 16.846 7.247
O 36.757 14.875 7.247
O 35.898 17.395 7.090
Al 38.782 16.419 4.000
Si 37.956 9.004 1.342
Si 37.925 14.997 1.342
O 38.057 8.940 2.961
O 37.826 15.076 2.961
O 40.412 16.267 2.961
O 31.342 14.505 0.753
O 38.220 16.476 0.753
O 39.079 13.956 0.910
Al 36.182 11.940 4.000
Si 40.556 13.483 1.342
Si 40.487 10.518 1.342
O 40.657 13.419 2.961
O 40.387 10.597 2.961
O 37.811 11.788 2.961
O 39.064 10.026 0.753
O 40.781 11.997 0.753
O 31.317 9.477 0.910
H 39.185 14.117 4.990
H 30.630 17.235 3.001
H 38.375 12.739 2.854
H 36.562 9.650 5.056
H 34.005 14.128 4.978
H 35.806 17.211 2.780
H 31.401 9.650 5.010
H 33.213 12.741 2.872
Al 43.957 19.411 4.000
Si 44.744 17.869 6.658
Si 44.813 20.834 6.658
O 44.643 17.933 5.039
O 44.913 20.754 5.039
O 42.327 19.563 5.039
O 41.074 21.325 7.247
O 44.519 19.354 7.247
O 43.660 21.874 7.090
Al 41.395 23.890 4.000
Si 42.182 22.347 6.658
Si 42.252 25.312 6.658
O 42.081 22.411 5.039
O 42.352 25.233 5.039
O 44.927 24.042 5.039
O 43.674 25.804 7.247
O 41.957 23.833 7.247
O 41.099 26.353 7.090
Al 43.983 25.377 4.000
Si 43.156 17.961 1.342
Si 43.126 23.954 1.342
O 43.258 17.897 2.961
O 43.026 24.033 2.961
O 45.612 25.225 2.961
O 46.865 23.463 0.753
O 43.421 25.433 0.753
O 44.279 22.914 0.910
Al 41.382 20.898 4.000
Si 45.757 22.440 1.342
Si 45.687 19.475 1.342
O 45.858 22.376 2.961
O 45.587 19.555 2.961
O 43.012 20.746 2.961
O 44.265 18.984 0.753
O 45.982 20.955 0.753
O 46.840 18.435 0.910
Al 7.827 19.411 4.000
Si 8.614 17.869 6.658
Si 8.684 20.834 6.658
O 8.513 17.933 5.039
O 8.783 20.754 5.039
O 47.489 19.563 5.039
O 46.236 21.325 7.247
O 8.389 19.354 7.247
O 7.530 21.874 7.090
Al 46.557 23.890 4.000
Si 47.344 22.347 6.658
Si 47.414 25.312 6.658
O 47.243 22.411 5.039
O 47.513 25.233 5.039
O 8.798 24.042 5.039
O 7.545 25.804 7.247
O 47.119 23.833 7.247
O 46.260 26.353 7.090
Al 7.853 25.377 4.000
Si 7.027 17.961 1.342
Si 6.996 23.954 1.342
O 7.128 17.897 2.961
O 6.896 24.033 2.961
O 9.482 25.225 2.961
O 41.704 23.463 0.753
O 7.291 25.433 0.753
O 8.149 22.914 0.910
Al 46.544 20.898 4.000
Si 9.627 22.440 1.342
Si 9.557 19.475 1.342
O 9.728 22.376 2.961
O 9.458 19.555 2.961
O 6.882 20.746 2.961
O 8.135 18.984 0.753
O 9.852 20.955 0.753
O 41.679 18.435 0.910
H 8.256 23.074 4.990
H 40.992 26.193 3.001
H 7.445 21.696 2.854
H 46.924 18.607 5.056
H 44.367 23.085 4.978
H 46.168 26.168 2.780
H 41.763 18.607 5.010
H 43.575 21.698 2.872
Al 12.988 19.411 4.000
Si 13.775 17.869 6.658
Si 13.845 20.834 6.658
O 13.674 17.933 5.039
O 13.945 20.754 5.039
O 11.359 19.563 5.039
O 10.106 21.325 7.247
O 13.550 19.354 7.247
O 12.692 21.874 7.090
Al 10.427 23.890 4.000
Si 11.214 22.347 6.658
Si 11.284 25.312 6.658
O 11.113 22.411 5.039
O 11.383 25.233 5.039
O 13.959 24.042 5.039
O 12.706 25.804 7.247
O 10.989 23.833 7.247
O 10.131 26.353 7.090
Al 13.014 25.377 4.000
Si 12.188 17.961 1.342
Si 12.157 23.954 1.342
O 12.289 17.897 2.961
O 12.058 24.033 2.961
O 14.644 25.225 2.961
O 15.897 23.463 0.753
O 12.452 25.433 0.753
O 13.311 22.914 0.910
Al 10.414 20.898 4.000
Si 14.788 22.440 1.342
Si 14.719 19.475 1.342
O 14.889 22.376 2.961
O 14.619 19.555 2.961
O 12.043 20.746 2.961
O 13.296 18.984 0.753
O 15.013 20.955 0.753
O 15.872 18.435 0.910
Al 18.150 19.411 4.000
Si 18.937 17.869 6.658
Si 19.006 20.834 6.658
O 18.836 17.933 5.039
O 19.106 20.754 5.039
O 16.520 19.563 5.039
O 15.267 21.325 7.247
O 18.712 19.354 7.247
O 17.853 21.874 7.090
Al 15.588 23.890 4.000
Si 16.375 22.347 6.658
Si 16.445 25.312 6.658
O 16.274 22.411 5.039
O 16.545 25.233 5.039
O 19.120 24.042 5.039
O 17.867 25.804 7.247
O 16.150 23.833 7.247
O 15.292 26.353 7.090
Al 18.176 25.377 4.000
Si 17.349 17.961 1.342
Si 17.319 23.954 1.342
O 17.451 17.897 2.961
O 17.219 24.033 2.961
O 19.805 25.225 2.961
O 10.735 23.463 0.753
O 17.614 25.433 0.753
O 18.472 22.914 0.910
Al 15.575 20.898 4.000
Si 19.950 22.440 1.342
Si 19.880 19.475 1.342
O 20.051 22.376 2.961
O 19.780 19.555 2.961
O 17.205 20.746 2.961
O 18.458 18.984 0.753
O 20.175 20.955 0.753
O 10.710 18.435 0.910
H 18.579 23.074 4.990
H 10.024 26.193 3.001
H 17.768 21.696 2.854
H 15.955 18.607 5.056
H 13.399 23.085 4.978
H 15.200 26.168 2.780
H 10.795 18.607 5.010
H 12.607 21.698 2.872
Al 23.311 19.411 4.000
Si 24.098 17.869 6.658
Si 24.168 20.834 6.658
O 23.997 17.933 5.039
O 24.267 20.754 5.039
O 21.682 19.563 5.039
O 20.429 21.325 7.247
O 23.873 19.354 7.247
O 23.014 21.874 7.090
Al 20.750 23.890 4.000
Si 21.537 22.347 6.658
Si 21.607 25.312 6.658
O 21.436 22.411 5.039
O 21.706 25.233 5.039
O 24.282 24.042 5.039
O 23.029 25.804 7.247
O 21.312 23.833 7.247
O 20.453 26.353 7.090
Al 23.337 25.377 4.000
Si 22.511 17.961 1.342
Si 22.480 23.954 1.342
O 22.612 17.897 2.961
O 22.381 24.033 2.961
O 24.967 25.225 2.961
O 26.219 23.463 0.753
O 22.775 25.433 0.753
O 23.634 22.914 0.910
Al 20.737 20.898 4.000
Si 25.111 22.440 1.342
Si 25.041 19.475 1.342
O 25.212 22.376 2.961
O 24.942 19.555 2.961
O 22.366 20.746 2.961
O 23.619 18.984 0.753
O 25.336 20.955 0.753
O 26.195 18.435 0.910
Al 28.472 19.411 4.000
Si 29.259 17.869 6.658
Si 29.329 20.834 6.658
O 29.158 17.933 5.039
O 29.429 20.754 5.039
O 26.843 19.563 5.039
O 25.590 21.325 7.247
O 29.034 19.354 7.247
O 28.176 21.874 7.090
Al 25.911 23.890 4.000
Si 26.698 22.347 6.658
Si 26.768 25.312 6.658
O 26.597 22.411 5.039
O 26.868 25.233 5.039
O 29.443 24.042 5.039
O 28.190 25.804 7.247
O 26.473 23.833 7.247
O 25.615 26.353 7.090
Al 28.498 25.377 4.000
Si 27.672 17.961 1.342
Si 27.642 23.954 1.342
O 27.773 17.897 2.961
O 27.542 24.033 2.961
O 30.128 25.225 2.961
O 21.058 23.463 0.753
O 27.936 25.433 0.753
O 28.795 22.914 0.910
Al 25.898 20.898 4.000
Si 30.273 22.440 1.342
Si 30.203 19.475 1.342
O 30.374 22.376 2.961
O 30.103 19.555 2.961
O 27.528 20.746 2.961
O 28.781 18.984 0.753
O 30.498 20.955 0.753
O 21.033 18.435 0.910
H 28.902 23.074 4.990
H 20.347 26.193 3.001
H 28.091 21.696 2.854
H 26.278 18.607 5.056
H 23.721 23.085 4.978
H 25.523 26.168 2.780
H 21.117 18.607 5.010
H 22.930 21.698 2.872
Al 33.634 19.411 4.000
Si 34.421 17.869 6.658
Si 34.491 20.834 6.658
O 34.320 17.933 5.039
O 34.590 20.754 5.039
O 32.004 19.563 5.039
O 30.751 21.325 7.247
O 34.196 19.354 7.247
O 33.337 21.874 7.090
Al 31.073 23.890 4.000
Si 31.860 22.347 6.658
Si 31.929 25.312 6.658
O 31.759 22.411 5.039
O 32.029 25.233 5.039
O 34.605 24.042 5.039
O 33.352 25.804 7.247
O 31.635 23.833 7.247
O 30.776 26.353 7.090
Al 33.660 25.377 4.000
Si 32.834 17.961 1.342
Si 32.803 23.954 1.342
O 32.935 17.897 2.961
O 32.703 24.033 2.961
O 35.289 25.225 2.961
O 36.542 23.463 0.753
O 33.098 25.433 0.753
O 33.956 22.914 0.910
Al 31.060 20.898 4.000
Si 35.434 22.440 1.342
Si 35.364 19.475 1.342
O 35.535 22.376 2.961
O 35.265 19.555 2.961
O 32.689 20.746 2.961
O 33.942 18.984 0.753
O 35.659 20.955 0.753
O 36.517 18.435 0.910
Al 38.795 19.411 4.000
Si 39.582 17.869 6.658
Si 39.652 20.834 6.658
O 39.481 17.933 5.039
O 39.752 20.754 5.039
O 37.166 19.563 5.039
O 35.913 21.325 7.247
O 39.357 19.354 7.247
O 38.499 21.874 7.090
Al 36.234 23.890 4.000
Si 37.021 22.347 6.658
Si 37.091 25.312 6.658
O 36.920 22.411 5.039
O 37.190 25.233 5.039
O 39.766 24.042 5.039
O 38.513 25.804 7.247
O 36.796 23.833 7.247
O 35.938 26.353 7.090
Al 38.821 25.377 4.000
Si 37.995 17.961 1.342
Si 37.964 23.954 1.342
O 38.096 17.897 2.961
O 37.865 24.033 2.961
O 40.451 25.225 2.961
O 31.381 23.463 0.753
O 38.259 25.433 0.753
O 39.118 22.914 0.910
Al 36.221 20.898 4.000
Si 40.595 22.440 1.342
Si 40.526 19.475 1.342
O 40.696 22.376 2.961
O 40.426 19.555 2.961
O 37.850 20.746 2.961
O 39.103 18.984 0.753
O 40.820 20.955 0.753
O 31.356 18.435 0.910
H 39.224 23.074 4.990
H 30.670 26.193 3.001
H 38.414 21.696 2.854
H 36.601 18.607 5.056
H 34.044 23.085 4.978
H 35.845 26.168 2.780
H 31.440 18.607 5.010
H 33.252 21.698 2.872
Al 43.996 28.368 4.000
Si 44.783 26.826 6.658
Si 44.852 29.791 6.658
O 44.682 26.890 5.039
O 44.952 29.712 5.039
O 42.366 28.520 5.039
O 41.113 30.282 7.247
O 44.558 28.312 7.247
O 43.699 30.831 7.090
Al 41.435 32.847 4.000
Si 42.222 31.305 6.658
Si 42.291 34.270 6.658
O 42.121 31.369 5.039
O 42.391 34.191 5.039
O 44.966 32.999 5.039
O 43.714 34.761 7.247
O 41.996 32.790 7.247
O 41.138 35.310 7.090
Al 44.022 34.334 4.000
Si 43.196 26.919 1.342
Si 43.165 32.912 1.342
O 43.297 26.855 2.961
O 43.065 32.991 2.961
O 45.651 34.182 2.961
O 46.904 32.420 0.753
O 43.460 34.391 0.753
O 44.318 31.871 0.910
Al 41.421 29.855 4.000
Si 45.796 31.398 1.342
Si 45.726 28.433 1.342
O 45.897 31.334 2.961
O 45.626 28.512 2.961
O 43.051 29.703 2.961
O 44.304 27.941 0.753
O 46.021 29.912 0.753
O 46.879 27.392 0.910
Al 7.866 28.368 4.000
Si 8.653 26.826 6.658
Si 8.723 29.791 6.658
O 8.552 26.890 5.039
O 8.822 29.712 5.039
O 47.528 28.520 5.039
O 46.275 30.282 7.247
O 8.428 28.312 7.247
O 7.569 30.831 7.090
Al 46.596 32.847 4.000
Si 47.383 31.305 6.658
Si 47.453 34.270 6.658
O 47.282 31.369 5.039
O 47.552 34.191 5.039
O 8.837 32.999 5.039
O 7.584 34.761 7.247
O 47.158 32.790 7.247
O 46.299 35.310 7.090
Al 7.892 34.334 4.000
Si 7.066 26.919 1.342
Si 7.035 32.912 1.342
O 7.167 26.855 2.961
O 6.936 32.991 2.961
O 9.521 34.182 2.961
O 41.743 32.420 0.753
O 7.330 34.391 0.753
O 8.188 31.871 0.910
Al 46.583 29.855 4.000
Si 9.666 31.398 1.342
Si 9.596 28.433 1.342
O 9.767 31.334 2.961
O 9.497 28.512 2.961
O 6.921 29.703 2.961
O 8.174 27.941 0.753
O 9.891 29.912 0.753
O 41.718 27.392 0.910
H 8.295 32.032 4.990
H 41.031 35.150 3.001
H 7.485 30.654 2.854
H 46.963 27.565 5.056
H 44.406 32.043 4.978
H 46.207 35.126 2.780
H 41.802 27.565 5.010
H 43.614 30.656 2.872
Al 13.027 28.368 4.000
Si 13.814 26.826 6.658
Si 13.884 29.791 6.658
O 13.713 26.890 5.039
O 13.984 29.712 5.039
O 11.398 28.520 5.039
O 10.145 30.282 7.247
O 13.589 28.312 7.247
O 12.731 30.831 7.090
Al 10.466 32.847 4.000
Si 11.253 31.305 6.658
Si 11.323 34.270 6.658
O 11.152 31.369 5.039
O 11.423 34.191 5.039
O 13.998 32.999 5.039
O 12.745 34.761 7.247
O 11.028 32.790 7.247
O 10.170 35.310 7.090
Al 13.053 34.334 4.000
Si 12.227 26.919 1.342
Si 12.197 32.912 1.342
O 12.328 26.855 2.961
O 12.097 32.991 2.961
O 14.683 34.182 2.961
O 15.936 32.420 0.753
O 12.491 34.391 0.753
O 13.350 31.871 0.910
Al 10.453 29.855 4.000
Si 14.827 31.398 1.342
Si 14.758 28.433 1.342
O 14.928 31.334 2.961
O 14.658 28.512 2.961
O 12.083 29.703 2.961
O 13.335 27.941 0.753
O 15.052 29.912 0.753
O 15.911 27.392 0.910
Al 18.189 28.368 4.000
Si 18.976 26.826 6.658
Si 19.045 29.791 6.658
O 18.875 26.890 5.039
O 19.145 29.712 5.039
O 16.559 28.520 5.039
O 15.306 30.282 7.247
O 18.751 28.312 7.247
O 17.892 30.831 7.090
Al 15.628 32.847 4.000
Si 16.415 31.305 6.658
Si 16.484 34.270 6.658
O 16.314 31.369 5.039
O 16.584 34.191 5.039
O 19.159 32.999 5.039
O 17.907 34.761 7.247
O 16.189 32.790 7.247
O 15.331 35.310 7.090
Al 18.215 34.334 4.000
Si 17.389 26.919 1.342
Si 17.358 32.912 1.342
O 17.490 26.855 2.961
O 17.258 32.991 2.961
O 19.844 34.182 2.961
O 10.774 32.420 0.753
O 17.653 34.391 0.753
O 18.511 31.871 0.910
Al 15.614 29.855 4.000
Si 19.989 31.398 1.342
Si 19.919 28.433 1.342
O 20.090 31.334 2.961
O 19.819 28.512 2.961
O 17.244 29.703 2.961
O 18.497 27.941 0.753
O 20.214 29.912 0.753
O 10.750 27.392 0.910
H 18.618 32.032 4.990
H 10.063 35.150 3.001
H 17.807 30.654 2.854
H 15.995 27.565 5.056
H 13.438 32.043 4.978
H 15.239 35.126 2.780
H 10.834 27.565 5.010
H 12.646 30.656 2.872
Al 23.350 28.368 4.000
Si 24.137 26.826 6.658
Si 24.207 29.791 6.658
O 24.036 26.890 5.039
O 24.306 29.712 5.039
O 21.721 28.520 5.039
O 20.468 30.282 7.247
O 23.912 28.312 7.247
O 23.054 30.831 7.090
Al 20.789 32.847 4.000
Si 21.576 31.305 6.658
Si 21.646 34.270 6.658
O 21.475 31.369 5.039
O 21.745 34.191 5.039
O 24.321 32.999 5.039
O 23.068 34.761 7.247
O 21.351 32.790 7.247
O 20.492 35.310 7.090
Al 23.376 34.334 4.000
Si 22.550 26.919 1.342
Si 22.519 32.912 1.342
O 22.651 26.855 2.961
O 22.420 32.991 2.961
O 25.006 34.182 2.961
O 26.259 32.420 0.753
O 22.814 34.391 0.753
O 23.673 31.871 0.910
Al 20.776 29.855 4.000
Si 25.150 31.398 1.342
Si 25.081 28.433 1.342
O 25.251 31.334 2.961
O 24.981 28.512 2.961
O 22.405 29.703 2.961
O 23.658 27.941 0.753
O 25.375 29.912 0.753
O 26.234 27.392 0.910
Al 28.511 28.368 4.000
Si 29.299 26.826 6.658
Si 29.368 29.791 6.658
O 29.198 26.890 5.039
O 29.468 29.712 5.039
O 26.882 28.520 5.039
O 25.629 30.282 7.247
O 29.073 28.312 7.247
O 28.215 30.831 7.090
Al 25.950 32.847 4.000
Si 26.737 31.305 6.658
Si 26.807 34.270 6.658
O 26.636 31.369 5.039
O 26.907 34.191 5.039
O 29.482 32.999 5.039
O 28.229 34.761 7.247
O 26.512 32.790 7.247
O 25.654 35.310 7.090
Al 28.538 34.334 4.000
Si 27.711 26.919 1.342
Si 27.681 32.912 1.342
O 27.812 26.855 2.961
O 27.581 32.991 2.961
O 30.167 34.182 2.961
O 21.097 32.420 0.753
O 27.976 34.391 0.753
O 28.834 31.871 0.910
Al 25.937 29.855 4.000
Si 30.312 31.398 1.342
Si 30.242 28.433 1.342
O 30.413 31.334 2.961
O 30.142 28.512 2.961
O 27.567 29.703 2.961
O 28.820 27.941 0.753
O 30.537 29.912 0.753
O 21.072 27.392 0.910
H 28.941 32.032 4.990
H 20.386 35.150 3.001
H 28.130 30.654 2.854
H 26.317 27.565 5.056
H 23.760 32.043 4.978
H 25.562 35.126 2.780
H 21.156 27.565 5.010
H 22.969 30.656 2.872
Al 33.673 28.368 4.000
Si 34.460 26.826 6.658
Si 34.530 29.791 6.658
O 34.359 26.890 5.039
O 34.629 29.712 5.039
O 32.043 28.520 5.039
O 30.790 30.282 7.247
O 34.235 28.312 7.247
O 33.376 30.831 7.090
Al 31.112 32.847 4.000
Si 31.899 31.305 6.658
Si 31.968 34.270 6.658
O 31.798 31.369 5.039
O 32.068 34.191 5.039
O 34.644 32.999 5.039
O 33.391 34.761 7.247
O 31.674 32.790 7.247
O 30.815 35.310 7.090
Al 33.699 34.334 4.000
Si 32.873 26.919 1.342
Si 32.842 32.912 1.342
O 32.974 26.855 2.961
O 32.743 32.991 2.961
O 35.328 34.182 2.961
O 36.581 32.420 0.753
O 33.137 34.391 0.753
O 33.995 31.871 0.910
Al 31.099 29.855 4.000
Si 35.473 31.398 1.342
Si 35.403 28.433 1.342
O 35.574 31.334 2.961
O 35.304 28.512 2.961
O 32.728 29.703 2.961
O 33.981 27.941 0.753
O 35.698 29.912 0.753
O 36.557 27.392 0.910
Al 38.834 28.368 4.000
Si 39.621 26.826 6.658
Si 39.691 29.791 6.658
O 39.520 26.890 5.039
O 39.791 29.712 5.039
O 37.205 28.520 5.039
O 35.952 30.282 7.247
O 39.396 28.312 7.247
O 38.538 30.831 7.090
Al 36.273 32.847 4.000
Si 37.060 31.305 6.658
Si 37.130 34.270 6.658
O 36.959 31.369 5.039
O 37.230 34.191 5.039
O 39.805 32.999 5.039
O 38.552 34.761 7.247
O 36.835 32.790 7.247
O 35.977 35.310 7.090
Al 38.860 34.334 4.000
Si 38.034 26.919 1.342
Si 38.004 32.912 1.342
O 38.135 26.855 2.961
O 37.904 32.991 2.961
O 40.490 34.182 2.961
O 31.420 32.420 0.753
O 38.298 34.391 0.753
O 39.157 31.871 0.910
Al 36.260 29.855 4.000
Si 40.634 31.398 1.342
Si 40.565 28.433 1.342
O 40.735 31.334 2.961
O 40.465 28.512 2.961
O 37.890 29.703 2.961
O 39.142 27.941 0.753
O 40.859 29.912 0.753
O 31.395 27.392 0.910
H 39.264 32.032 4.990
H 30.709 35.150 3.001
H 38.453 30.654 2.854
H 36.640 27.565 5.056
H 34.083 32.043 4.978
H 35.884 35.126 2.780
H 31.479 27.565 5.010
H 33.291 30.656 2.872
